-21.9446 -7.51211 -0.183081 4
-19.2069 -6.52178 -0.183081 3
-9.62488 -4.54111 -15.6464 2
-9.62488 -4.54111 -13.7135 1
-9.62488 -0.579788 -13.7135 1
-9.62488 0.410543 -14.68 2
-9.62488 2.39121 10.448 2
-9.62488 4.37187 -13.7135 2
-8.25603 -7.51211 -15.6464 2
-8.25603 -7.51211 -14.68 1
-8.25603 -4.54111 10.448 2
-8.25603 -0.579788 8.51505 1
-8.25603 -0.579788 10.448 2
-8.25603 2.39121 9.48151 1
-8.25603 3.38154 -11.7806 1
-6.88718 -7.51211 8.51505 1
-6.88718 -7.51211 10.448 2
-6.88718 -4.54111 -16.6129 2
-6.88718 -4.54111 -14.68 1
-6.88718 -4.54111 8.51505 1
-6.88718 -0.579788 -15.6464 2
-6.88718 -0.579788 -13.7135 1
-6.88718 -0.579788 11.4144 2
-6.88718 2.39121 10.448 1
-6.88718 2.39121 11.4144 2
-6.88718 3.38154 -14.68 2
-6.88718 5.3622 12.3809 2
-6.88718 6.35253 -11.7806 1
-6.88718 6.35253 10.448 1
-6.88718 7.34286 -12.747 2
-5.51833 -6.52178 11.4144 2
-5.51833 -3.55078 9.48151 1
-5.51833 -3.55078 11.4144 2
-5.51833 -0.579788 9.48151 1
-5.51833 3.38154 -12.747 1
-4.14947 -6.52178 9.48151 1
-4.14947 -0.579788 -13.7135 1
-4.14947 2.39121 12.3809 2
-4.14947 3.38154 -14.68 2
-4.14947 3.38154 -12.747 1
-4.14947 3.38154 11.4144 1
-4.14947 5.3622 -11.7806 1
-4.14947 5.3622 11.4144 1
-4.14947 5.3622 13.3473 2
-4.14947 6.35253 -13.7135 2
-2.78062 -6.52178 10.448 1
-2.78062 -6.52178 12.3809 2
-2.78062 -4.54111 -15.6464 2
-2.78062 -4.54111 -14.68 1
-2.78062 -2.56045 10.448 1
-2.78062 -2.56045 12.3809 2
-2.78062 -0.579788 -15.6464 2
-2.78062 -0.579788 10.448 1
-2.78062 -0.579788 12.3809 2
-2.78062 1.40088 -14.68 2
-2.78062 1.40088 -12.747 1
-1.41176 -5.53145 -14.68 2
-1.41176 -5.53145 -12.747 1
-1.41176 -4.54111 -15.6464 2
-1.41176 -4.54111 -13.7135 1
-1.41176 -1.57012 -15.6464 2
-1.41176 -1.57012 -14.68 2
-1.41176 -1.57012 -13.7135 1
-1.41176 0.410543 -12.747 1
-1.41176 1.40088 -14.68 2
-1.41176 2.39121 -12.747 1
-1.41176 3.38154 -14.68 2
-1.41176 5.3622 -11.7806 1
-1.41176 6.35253 -13.7135 2
-0.0429115 -6.52178 10.448 1
-0.0429115 -6.52178 12.3809 2
-0.0429115 -5.53145 -15.6464 2
-0.0429115 -5.53145 -13.7135 1
-0.0429115 -3.55078 10.448 1
-0.0429115 -3.55078 12.3809 2
-0.0429115 -1.57012 -15.6464 2
-0.0429115 -1.57012 -13.7135 1
-0.0429115 1.40088 -14.68 2
-0.0429115 2.39121 11.4144 1
-0.0429115 2.39121 12.3809 2
-0.0429115 5.3622 11.4144 1
-0.0429115 5.3622 12.3809 2
-0.0429115 19.2268 2.7163 3
-0.0429115 21.2075 2.7163 4
1.32594 -6.52178 10.448 1
1.32594 -6.52178 12.3809 2
1.32594 -5.53145 -15.6464 2
1.32594 -5.53145 -13.7135 1
1.32594 -2.56045 10.448 1
1.32594 -1.57012 -13.7135 1
1.32594 -0.579788 -15.6464 2
1.32594 -0.579788 10.448 1
1.32594 -0.579788 12.3809 2
1.32594 1.40088 -12.747 1
2.6948 -2.56045 12.3809 2
2.6948 2.39121 -12.747 1
2.6948 2.39121 12.3809 2
2.6948 3.38154 -14.68 2
2.6948 3.38154 10.448 1
2.6948 5.3622 -11.7806 1
2.6948 5.3622 11.4144 1
2.6948 5.3622 13.3473 2
2.6948 6.35253 -13.7135 2
4.06365 -6.52178 9.48151 1
4.06365 -6.52178 11.4144 2
4.06365 -5.53145 -14.68 1
4.06365 -3.55078 9.48151 1
4.06365 -3.55078 11.4144 2
4.06365 3.38154 -14.68 2
4.06365 3.38154 -12.747 1
4.06365 6.35253 -11.7806 1
5.4325 -7.51211 8.51505 1
5.4325 -7.51211 10.448 2
5.4325 -5.53145 -15.6464 2
5.4325 -0.579788 -15.6464 2
5.4325 -0.579788 -13.7135 1
5.4325 -0.579788 9.48151 1
5.4325 -0.579788 11.4144 2
5.4325 2.39121 10.448 1
5.4325 2.39121 11.4144 2
5.4325 6.35253 10.448 1
5.4325 6.35253 12.3809 2
5.4325 7.34286 -13.7135 2
6.80136 -4.54111 -13.7135 1
6.80136 -4.54111 9.48151 1
6.80136 -4.54111 10.448 2
6.80136 -0.579788 -13.7135 1
6.80136 -0.579788 8.51505 1
6.80136 3.38154 -12.747 1
6.80136 3.38154 9.48151 1
8.17021 -4.54111 -15.6464 2
8.17021 -0.579788 -14.68 2
8.17021 -0.579788 10.448 2
8.17021 2.39121 10.448 2
8.17021 3.38154 -13.7135 2
17.7522 -6.52178 -0.183081 3
20.4899 -7.51211 -0.183081 4