-12.2374 -9.49287 -2.40241 2
-11.5069 -13.4898 -3.32905 2
-11.5069 -13.4898 -0.549118 2
-11.5069 -11.4914 -4.25569 2
-11.5069 -11.4914 -2.40241 2
-11.5069 -11.4914 -1.47576 2
-11.5069 -11.4914 -0.549118 2
-11.5069 -11.4914 2.23081 2
-11.5069 -9.49287 -6.10898 2
-11.5069 -9.49287 -3.32905 2
-11.5069 -9.49287 2.23081 2
-10.7765 -17.4868 -3.32905 2
-10.7765 -17.4868 0.377525 2
-10.7765 -17.4868 3.15746 2
-10.7765 -13.4898 -7.03563 2
-10.7765 -13.4898 2.23081 2
-10.7765 -11.4914 -7.96227 2
-10.7765 -11.4914 5.01075 2
-10.7765 -9.49287 4.0841 2
-10.046 -31.4762 4.0841 2
-10.046 -27.4792 -1.47576 2
-10.046 -25.4808 -3.32905 2
-10.046 -21.4838 -5.18234 2
-10.046 -21.4838 -3.32905 2
-10.046 -21.4838 -0.549118 2
-10.046 -21.4838 3.15746 2
-10.046 -17.4868 -6.10898 2
-10.046 -17.4868 5.01075 2
-10.046 -13.4898 -9.81556 2
-10.046 -13.4898 5.01075 2
-10.046 -9.49287 -8.88891 2
-10.046 -9.49287 -3.32905 1
-10.046 -9.49287 -2.40241 1
-10.046 -9.49287 -1.47576 1
-10.046 -9.49287 2.23081 1
-10.046 -9.49287 5.93739 2
-9.31558 -35.4732 -2.40241 2
-9.31558 -35.4732 3.15746 2
-9.31558 -31.4762 -2.40241 2
-9.31558 -27.4792 4.0841 2
-9.31558 -25.4808 -5.18234 2
-9.31558 -25.4808 5.01075 2
-9.31558 -21.4838 5.01075 2
-9.31558 -17.4868 -8.88891 2
-9.31558 -13.4898 -3.32905 1
-9.31558 -13.4898 -0.549118 1
-9.31558 -13.4898 2.23081 1
-9.31558 -13.4898 7.79068 2
-9.31558 -11.4914 -10.7422 2
-9.31558 -11.4914 -4.25569 1
-9.31558 -11.4914 -0.549118 1
-9.31558 -11.4914 2.23081 1
-9.31558 -9.49287 -12.5955 2
-9.31558 -9.49287 -10.7422 2
-9.31558 -9.49287 3.15746 1
-9.31558 -9.49287 6.86403 2
-9.31558 -7.49438 -5.18234 1
-8.58513 -39.4702 -2.40241 2
-8.58513 -31.4762 -6.10898 2
-8.58513 -27.4792 -7.03563 2
-8.58513 -25.4808 7.79068 2
-8.58513 -21.4838 -7.96227 2
-8.58513 -21.4838 7.79068 2
-8.58513 -17.4868 -5.18234 1
-8.58513 -17.4868 -3.32905 1
-8.58513 -17.4868 -0.549118 1
-8.58513 -17.4868 2.23081 1
-8.58513 -17.4868 7.79068 2
-8.58513 -13.4898 -6.10898 1
-8.58513 -13.4898 4.0841 1
-8.58513 -11.4914 -7.03563 1
-8.58513 -11.4914 4.0841 1
-8.58513 -9.49287 -7.96227 1
-8.58513 -9.49287 4.0841 1
-8.58513 -9.49287 6.86403 2
-8.58513 -7.49438 -12.5955 1
-8.58513 -7.49438 -9.81556 1
-7.85468 -41.4686 3.15746 2
-7.85468 -39.4702 -7.03563 2
-7.85468 -35.4732 -6.10898 2
-7.85468 -31.4762 -1.47576 1
-7.85468 -31.4762 3.15746 1
-7.85468 -27.4792 -0.549118 1
-7.85468 -27.4792 3.15746 1
-7.85468 -23.4823 -2.40241 1
-7.85468 -21.4838 -5.18234 1
-7.85468 -21.4838 -2.40241 1
-7.85468 -21.4838 -0.549118 1
-7.85468 -21.4838 2.23081 1
-7.85468 -17.4868 -7.96227 1
-7.85468 -17.4868 5.01075 1
-7.85468 -13.4898 -7.96227 1
-7.85468 -11.4914 -8.88891 1
-7.85468 -9.49287 -13.5221 2
-7.85468 -9.49287 5.93739 1
-7.85468 -7.49438 5.93739 1
-7.12423 -35.4732 -2.40241 1
-7.12423 -35.4732 3.15746 1
-7.12423 -25.4808 5.01075 1
-7.12423 -23.4823 -5.18234 1
-7.12423 -21.4838 -7.03563 1
-7.12423 -21.4838 5.01075 1
-7.12423 -17.4868 6.86403 1
-7.12423 -13.4898 6.86403 1
-7.12423 -9.49287 -9.81556 1
-7.12423 -7.49438 -12.5955 1
-6.39378 -39.4702 -2.40241 1
-6.39378 -35.4732 -5.18234 1
-6.39378 -31.4762 -5.18234 1
-6.39378 -31.4762 7.79068 2
-6.39378 -27.4792 8.71732 2
-6.39378 -25.4808 -10.7422 2
-6.39378 -25.4808 -6.10898 1
-6.39378 -25.4808 5.93739 1
-6.39378 -21.4838 -10.7422 2
-6.39378 -21.4838 6.86403 1
-6.39378 -17.4868 -11.6688 2
-6.39378 -13.4898 -12.5955 2
-6.39378 -11.4914 -13.5221 2
-6.39378 -11.4914 -12.5955 2
-6.39378 -9.49287 -14.4488 2
-6.39378 -9.49287 9.64396 2
-6.39378 -7.49438 8.71732 2
-5.66333 -41.4686 6.86403 2
-5.66333 -39.4702 2.23081 1
-5.66333 -37.4717 -5.18234 1
-5.66333 -35.4732 -9.81556 2
-5.66333 -35.4732 7.79068 2
-5.66333 -31.4762 -9.81556 2
-5.66333 -31.4762 6.86403 1
-5.66333 -23.4823 9.64396 2
-5.66333 -17.4868 -9.81556 1
-5.66333 -17.4868 10.5706 2
-5.66333 -13.4898 -10.7422 1
-5.66333 -13.4898 9.64396 2
-5.66333 -11.4914 -10.7422 1
-5.66333 -9.49287 -12.5955 1
-5.66333 -9.49287 -11.6688 1
-5.66333 -7.49438 6.86403 1
-5.66333 -5.4959 6.86403 1
-4.93288 -39.4702 -9.81556 2
-4.93288 -37.4717 -9.81556 2
-4.93288 -35.4732 5.93739 1
-4.93288 -31.4762 -7.96227 1
-4.93288 -27.4792 7.79068 1
-4.93288 -25.4808 -8.88891 1
-4.93288 -23.4823 7.79068 1
-4.93288 -21.4838 -8.88891 1
-4.93288 -17.4868 8.71732 1
-4.93288 -13.4898 7.79068 1
-4.93288 -9.49287 7.79068 1
-4.20243 -39.4702 5.01075 1
-4.20243 -37.4717 -7.96227 1
-4.20243 -35.4732 -7.96227 1
-4.20243 -5.4959 7.79068 1
-4.20243 -5.4959 9.64396 2
-3.47198 -39.4702 -7.96227 1
-3.47198 -9.49287 10.5706 2
-3.47198 -7.49438 10.5706 2
-2.74154 -35.4732 -10.7422 2
-2.74154 -31.4762 -11.6688 2
-2.74154 -21.4838 -12.5955 2
-2.74154 -17.4868 -12.5955 2
-2.74154 -13.4898 -13.5221 2
-2.74154 -11.4914 -13.5221 2
-2.74154 -11.4914 11.4973 2
-2.74154 -9.49287 8.71732 1
-2.74154 -7.49438 7.79068 1
-2.01108 -39.4702 -9.81556 2
-2.01108 -39.4702 5.93739 1
-2.01108 -39.4702 8.71732 2
-2.01108 -37.4717 -10.7422 2
-2.01108 -37.4717 -7.96227 1
-2.01108 -35.4732 5.93739 1
-2.01108 -35.4732 8.71732 2
-2.01108 -33.4747 -8.88891 1
-2.01108 -31.4762 6.86403 1
-2.01108 -31.4762 9.64396 2
-2.01108 -29.4777 -8.88891 1
-2.01108 -27.4792 7.79068 1
-2.01108 -27.4792 10.5706 2
-2.01108 -25.4808 -11.6688 2
-2.01108 -25.4808 -9.81556 1
-2.01108 -23.4823 8.71732 1
-2.01108 -23.4823 10.5706 2
-2.01108 -21.4838 -10.7422 1
-2.01108 -17.4868 -10.7422 1
-2.01108 -17.4868 8.71732 1
-2.01108 -17.4868 11.4973 2
-2.01108 -13.4898 -11.6688 1
-2.01108 -13.4898 8.71732 1
-2.01108 -11.4914 -14.4488 2
-2.01108 -11.4914 -11.6688 1
-2.01108 -9.49287 -15.3754 2
-2.01108 -9.49287 -13.5221 1
-2.01108 -9.49287 -12.5955 1
-2.01108 -7.49438 -17.2287 2
-2.01108 -5.4959 -14.4488 1
-1.28063 -39.4702 -7.96227 1
-1.28063 -3.49742 7.79068 1
-0.550185 -51.4611 -2.40241 4
-0.550185 -49.4626 -2.40241 3
-0.550185 -5.4959 8.71732 1
-0.550185 -5.4959 10.5706 2
-0.550185 -3.49742 9.64396 2
-0.550185 8.4935 -0.549118 3
-0.550185 10.492 0.377525 4
0.180264 -39.4702 5.93739 1
0.180264 -9.49287 8.71732 1
0.180264 -7.49438 10.5706 2
0.910714 -39.4702 -9.81556 2
0.910714 -39.4702 -7.96227 1
0.910714 -39.4702 7.79068 2
0.910714 -37.4717 -7.96227 1
0.910714 -35.4732 5.93739 1
0.910714 -33.4747 -7.96227 1
0.910714 -31.4762 5.93739 1
0.910714 -27.4792 7.79068 1
0.910714 -21.4838 -10.7422 1
0.910714 -21.4838 8.71732 1
0.910714 -17.4868 -12.5955 2
0.910714 -17.4868 -10.7422 1
0.910714 -17.4868 8.71732 1
0.910714 -13.4898 -13.5221 2
0.910714 -13.4898 -10.7422 1
0.910714 -11.4914 -11.6688 1
0.910714 -11.4914 8.71732 1
0.910714 -11.4914 11.4973 2
0.910714 -5.4959 -14.4488 1
1.64116 -39.4702 4.0841 1
1.64116 -37.4717 -9.81556 2
1.64116 -35.4732 -10.7422 2
1.64116 -35.4732 7.79068 2
1.64116 -31.4762 -11.6688 2
1.64116 -31.4762 7.79068 2
1.64116 -29.4777 -8.88891 1
1.64116 -27.4792 9.64396 2
1.64116 -25.4808 -9.81556 1
1.64116 -23.4823 10.5706 2
1.64116 -21.4838 -12.5955 2
1.64116 -17.4868 10.5706 2
1.64116 -11.4914 -14.4488 2
1.64116 -11.4914 -13.5221 2
1.64116 -9.49287 -12.5955 1
1.64116 -7.49438 -13.5221 1
1.64116 -5.4959 -16.3021 2
2.37161 -25.4808 -11.6688 2
2.37161 -9.49287 -15.3754 2
3.10206 -39.4702 -7.03563 1
3.10206 -37.4717 -7.03563 1
3.10206 -35.4732 5.01075 1
3.10206 -33.4747 -7.03563 1
3.10206 -5.4959 -11.6688 1
3.10206 -5.4959 7.79068 1
3.83251 -41.4686 5.93739 2
3.83251 -39.4702 -5.18234 1
3.83251 -39.4702 1.30417 1
3.83251 -31.4762 5.01075 1
3.83251 -23.4823 -9.81556 1
3.83251 -21.4838 -9.81556 1
3.83251 -17.4868 7.79068 1
3.83251 -15.4883 -9.81556 1
3.83251 -13.4898 -9.81556 1
3.83251 -11.4914 -10.7422 1
3.83251 -11.4914 7.79068 1
3.83251 -9.49287 -11.6688 1
3.83251 -9.49287 7.79068 1
3.83251 -7.49438 -11.6688 1
3.83251 -5.4959 9.64396 2
4.56296 -39.4702 -8.88891 2
4.56296 -37.4717 -8.88891 2
4.56296 -37.4717 -5.18234 1
4.56296 -35.4732 -8.88891 2
4.56296 -35.4732 6.86403 2
4.56296 -33.4747 -5.18234 1
4.56296 -29.4777 -7.96227 1
4.56296 -27.4792 5.93739 1
4.56296 -25.4808 -7.96227 1
4.56296 -23.4823 -10.7422 2
4.56296 -21.4838 -11.6688 2
4.56296 -21.4838 6.86403 1
4.56296 -15.4883 -11.6688 2
4.56296 -13.4898 -11.6688 2
4.56296 -11.4914 -12.5955 2
4.56296 -7.49438 9.64396 2
5.29341 -39.4702 -2.40241 1
5.29341 -39.4702 2.23081 2
5.29341 -35.4732 2.23081 1
5.29341 -33.4747 -2.40241 1
5.29341 -31.4762 6.86403 2
5.29341 -23.4823 -7.96227 1
5.29341 -19.4853 -7.96227 1
5.29341 -17.4868 9.64396 2
5.29341 -11.4914 9.64396 2
5.29341 -9.49287 -12.5955 2
5.29341 -7.49438 -12.5955 2
5.29341 -5.4959 -13.5221 2
5.29341 -5.4959 4.0841 1
5.29341 -3.49742 -8.88891 1
6.02386 -39.4702 -6.10898 2
6.02386 -31.4762 -8.88891 2
6.02386 -31.4762 -5.18234 1
6.02386 -31.4762 2.23081 1
6.02386 -27.4792 -8.88891 2
6.02386 -27.4792 -6.10898 1
6.02386 -27.4792 6.86403 2
6.02386 -21.4838 7.79068 2
6.02386 -15.4883 -8.88891 1
6.02386 -13.4898 -8.88891 1
6.02386 -9.49287 -8.88891 1
6.02386 -7.49438 -8.88891 1
6.02386 -7.49438 5.01075 1
6.02386 -5.4959 -8.88891 1
6.02386 -3.49742 -7.96227 1
6.75431 -37.4717 -6.10898 2
6.75431 -35.4732 -6.10898 2
6.75431 -31.4762 -2.40241 1
6.75431 -25.4808 2.23081 1
6.75431 -23.4823 -9.81556 2
6.75431 -23.4823 -6.10898 1
6.75431 -21.4838 -9.81556 2
6.75431 -21.4838 4.0841 1
6.75431 -19.4853 -6.10898 1
6.75431 -15.4883 5.01075 1
6.75431 -11.4914 5.01075 1
6.75431 -3.49742 -9.81556 2
6.75431 -3.49742 -6.10898 1
7.48476 -39.4702 -2.40241 2
7.48476 -35.4732 -3.32905 2
7.48476 -35.4732 3.15746 2
7.48476 -31.4762 -6.10898 2
7.48476 -27.4792 -2.40241 1
7.48476 -23.4823 -3.32905 1
7.48476 -23.4823 0.377525 1
7.48476 -21.4838 0.377525 1
7.48476 -19.4853 -3.32905 1
7.48476 -15.4883 -9.81556 2
7.48476 -15.4883 -6.10898 1
7.48476 -15.4883 1.30417 1
7.48476 -13.4898 -9.81556 2
7.48476 -11.4914 -6.10898 1
7.48476 -11.4914 1.30417 1
7.48476 -9.49287 -9.81556 2
7.48476 -9.49287 -6.10898 1
7.48476 -7.49438 -9.81556 2
7.48476 -7.49438 1.30417 1
7.48476 -5.4959 -9.81556 2
7.48476 -5.4959 -6.10898 1
7.48476 -5.4959 1.30417 1
7.48476 -3.49742 -8.88891 2
7.48476 -3.49742 5.93739 2
8.21521 -31.4762 3.15746 2
8.21521 -27.4792 -7.03563 2
8.21521 -23.4823 -7.03563 2
8.21521 -21.4838 5.01075 2
8.21521 -15.4883 -3.32905 1
8.21521 -15.4883 5.93739 2
8.21521 -11.4914 -2.40241 1
8.21521 -11.4914 5.93739 2
8.21521 -9.49287 -3.32905 1
8.21521 -7.49438 5.93739 2
8.21521 -5.4959 -2.40241 1
8.94566 -31.4762 -2.40241 2
8.94566 -25.4808 3.15746 2
8.94566 -21.4838 -7.03563 2
8.94566 -3.49742 -7.03563 2
9.67611 -27.4792 -2.40241 2
9.67611 -23.4823 -3.32905 2
9.67611 -23.4823 0.377525 2
9.67611 -21.4838 1.30417 2
9.67611 -19.4853 -3.32905 2
9.67611 -15.4883 -7.03563 2
9.67611 -15.4883 1.30417 2
9.67611 -11.4914 -7.03563 2
9.67611 -11.4914 1.30417 2
9.67611 -9.49287 -7.03563 2
9.67611 -7.49438 1.30417 2
9.67611 -5.4959 -7.03563 2
9.67611 -5.4959 -2.40241 2
9.67611 -5.4959 1.30417 2
10.4066 -15.4883 -3.32905 2
10.4066 -11.4914 -2.40241 2
10.4066 -9.49287 -3.32905 2