-8.7147 -14.1871 -4.37775 2
-8.18294 -8.98651 -4.37775 2
-7.65118 -19.3876 -4.37775 2
-7.65118 -14.1871 -0.0737638 2
-7.65118 -10.72 0.54109 2
-7.11942 -31.5223 -2.53318 2
-7.11942 -24.5882 -2.53318 2
-7.11942 -22.8547 -4.9926 2
-7.11942 -19.3876 -0.688619 2
-7.11942 -7.25299 0.54109 2
-7.11942 -5.51947 -3.76289 2
-6.58766 -34.9893 -3.76289 2
-6.58766 -34.9893 -1.30347 2
-6.58766 -14.1871 -4.37775 1
-6.58766 -8.98651 -3.76289 1
-6.58766 -3.78595 0.54109 2
-6.0559 -36.7228 1.15594 2
-6.0559 -29.7888 -0.688619 2
-6.0559 -26.3217 -6.22231 2
-6.0559 -24.5882 0.54109 2
-6.0559 -22.8547 -7.45202 2
-6.0559 -19.3876 -8.06687 2
-6.0559 -19.3876 -4.37775 1
-6.0559 -14.1871 -8.68173 2
-6.0559 -14.1871 -0.688619 1
-6.0559 -7.25299 -8.06687 2
-5.52414 -34.9893 -6.22231 2
-5.52414 -31.5223 -5.60746 2
-5.52414 -24.5882 -2.53318 1
-5.52414 -22.8547 -4.37775 1
-5.52414 -19.3876 -1.30347 1
-5.52414 -19.3876 2.38565 2
-5.52414 -14.1871 3.61536 2
-5.52414 -10.72 -0.0737638 1
-5.52414 -10.72 4.23022 2
-5.52414 -7.25299 -0.0737638 1
-5.52414 -7.25299 4.23022 2
-5.52414 -5.51947 -3.76289 1
-5.52414 -3.78595 -7.45202 2
-5.52414 -3.78595 4.84507 2
-4.99238 -34.9893 -3.14804 1
-4.99238 -34.9893 1.15594 2
-4.99238 -29.7888 -2.53318 1
-4.99238 -29.7888 1.7708 2
-4.99238 -19.3876 -6.83716 1
-4.99238 -14.1871 -7.45202 1
-4.99238 -7.25299 -7.45202 1
-4.99238 -3.78595 -0.0737638 1
-4.46062 -36.7228 -0.0737638 1
-4.46062 -34.9893 -1.91833 1
-4.46062 -31.5223 -4.9926 1
-4.46062 -29.7888 -1.30347 1
-4.46062 -26.3217 -5.60746 1
-4.46062 -26.3217 3.61536 2
-4.46062 -24.5882 -0.688619 1
-4.46062 -22.8547 -6.22231 1
-3.92886 -34.9893 -4.9926 1
-3.92886 -19.3876 1.15594 1
-3.92886 -14.1871 2.38565 1
-3.92886 -10.72 3.00051 1
-3.92886 -7.25299 3.61536 1
-3.92886 -3.78595 -6.83716 1
-3.92886 -3.78595 3.61536 1
-3.3971 -34.9893 -7.45202 2
-3.3971 -34.9893 0.54109 1
-3.3971 -31.5223 -8.06687 2
-3.3971 -29.7888 1.15594 1
-3.3971 -26.3217 -8.68173 2
-3.3971 -19.3876 4.84507 2
-2.86534 -34.9893 3.61536 2
-2.86534 -31.5223 -6.22231 1
-2.86534 -24.5882 2.38565 1
-2.86534 -14.1871 6.07478 2
-2.86534 -10.72 6.68964 2
-2.86534 -3.78595 7.91934 2
-2.33358 -34.9893 -6.22231 1
-2.33358 -34.9893 1.7708 1
-2.33358 -31.5223 2.38565 1
-2.33358 -31.5223 4.23022 2
-2.33358 -26.3217 -7.45202 1
-2.33358 -22.8547 -9.91144 2
-2.33358 -22.8547 -8.06687 1
-2.33358 -19.3876 -10.5263 2
-2.33358 -19.3876 3.61536 1
-2.33358 -14.1871 4.84507 1
-2.33358 -10.72 4.84507 1
-2.33358 -7.25299 6.68964 2
-2.33358 -3.78595 6.07478 1
-1.80182 -19.3876 -8.68173 1
-1.80182 -12.4535 -11.1411 2
-1.80182 -12.4535 -9.29658 1
-1.80182 -7.25299 -8.68173 1
-1.80182 -7.25299 5.45993 1
-1.80182 -5.51947 -10.5263 2
-1.80182 -2.05243 -9.29658 2
-1.27005 -34.9893 -7.45202 1
-1.27005 -26.3217 3.00051 1
-1.27005 -26.3217 4.84507 2
-1.27005 -2.05243 -7.45202 1
-0.738294 -34.9893 -8.68173 2
-0.738294 -31.5223 -6.83716 1
-0.206533 -47.124 -1.30347 4
-0.206533 -45.3904 -1.30347 3
-0.206533 -34.9893 1.15594 1
-0.206533 -31.5223 -8.68173 2
-0.206533 -31.5223 1.15594 1
-0.206533 -21.1212 4.23022 1
-0.206533 -21.1212 5.45993 2
-0.206533 4.88166 -0.0737638 3
-0.206533 6.61518 -0.0737638 4
0.325227 -34.9893 -4.9926 1
0.325227 -26.3217 -7.45202 1
0.325227 -14.1871 4.84507 1
0.325227 -10.72 4.84507 1
0.325227 -3.78595 5.45993 1
0.856988 -34.9893 -0.688619 1
0.856988 -34.9893 3.00051 2
0.856988 -31.5223 -5.60746 1
0.856988 -31.5223 3.00051 2
0.856988 -26.3217 -9.29658 2
0.856988 -26.3217 1.7708 1
0.856988 -22.8547 -8.06687 1
0.856988 -14.1871 6.07478 2
0.856988 -10.72 6.68964 2
0.856988 -7.25299 4.84507 1
1.38875 -36.7228 -3.76289 1
1.38875 -34.9893 -1.91833 1
1.38875 -31.5223 -0.0737638 1
1.38875 -22.8547 -9.91144 2
1.38875 -7.25299 6.68964 2
1.38875 -3.78595 6.68964 2
1.92051 -34.9893 -6.22231 2
1.92051 -31.5223 -3.14804 1
1.92051 -31.5223 -1.30347 1
1.92051 -28.0552 0.54109 1
1.92051 -26.3217 -5.60746 1
1.92051 -26.3217 3.00051 2
1.92051 -19.3876 2.38565 1
1.92051 -17.6541 -8.68173 1
1.92051 -7.25299 -8.06687 1
1.92051 -3.78595 -6.83716 1
2.45227 -34.9893 0.54109 2
2.45227 -31.5223 -6.22231 2
2.45227 -28.0552 -1.30347 2