-9.01222 -15.5245 -4.81837 2
-9.01222 -9.72971 -3.93964 2
-8.21171 -19.3876 -4.81837 2
-8.21171 -15.5245 -0.42475 2
-7.41119 -25.1824 -3.06092 2
-7.41119 -23.2508 -4.81837 2
-7.41119 -5.86653 0.453973 2
-6.61067 -34.8403 -3.93964 2
-6.61067 -27.114 -6.57581 2
-6.61067 -25.1824 0.453973 2
-6.61067 -23.2508 -7.45454 2
-6.61067 -19.3876 -4.81837 1
-6.61067 -15.5245 -4.81837 1
-6.61067 -13.5929 -9.21198 2
-6.61067 -9.72971 -3.93964 1
-6.61067 -7.79812 -8.33326 2
-5.81015 -34.8403 1.3327 2
-5.81015 -30.9771 -5.69709 2
-5.81015 -25.1824 -3.06092 1
-5.81015 -21.3192 -4.81837 1
-5.81015 -19.3876 2.21142 2
-5.81015 -15.5245 -0.42475 1
-5.81015 -15.5245 3.09014 2
-5.81015 -7.79812 -0.42475 1
-5.81015 -7.79812 3.96887 2
-5.00964 -34.8403 -3.06092 1
-5.00964 -25.1824 -5.69709 1
-5.00964 -23.2508 -6.57581 1
-5.00964 -13.5929 -7.45454 1
-5.00964 -7.79812 -7.45454 1
-4.20912 -30.9771 -8.33326 2
-4.20912 -30.9771 -4.81837 1
-4.20912 -25.1824 -0.42475 1
-4.20912 -19.3876 1.3327 1
-4.20912 -15.5245 2.21142 1
-4.20912 -7.79812 3.09014 1
-3.4086 -34.8403 0.453973 1
-3.4086 -34.8403 3.96887 2
-3.4086 -15.5245 6.60504 2
-2.60809 -34.8403 2.21142 1
-2.60809 -30.9771 -6.57581 1
-2.60809 -30.9771 2.21142 1
-2.60809 -30.9771 3.96887 2
-2.60809 -23.2508 -10.0907 2
-2.60809 -15.5245 4.84759 1
-2.60809 -11.6613 6.60504 2
-2.60809 -7.79812 7.48376 2
-1.80757 -23.2508 -8.33326 1
-1.80757 -11.6613 -10.9694 2
-1.80757 -11.6613 -9.21198 1
-1.80757 -9.72971 4.84759 1
-1.80757 -7.79812 4.84759 1
-1.80757 -3.93495 -7.45454 1
-1.80757 -2.00336 -10.0907 2
-1.00705 -34.8403 -9.21198 2
-1.00705 -34.8403 -7.45454 1
-1.00705 -25.1824 3.09014 1
-1.00705 -25.1824 4.84759 2
-0.206534 -46.4298 -1.30347 4
-0.206534 -44.4982 -1.30347 3
-0.206534 -30.9771 1.3327 1
-0.206534 -27.114 -7.45454 1
-0.206534 -21.3192 3.96887 1
-0.206534 -21.3192 5.72631 2
-0.206534 -15.5245 4.84759 1
-0.206534 3.7914 -0.42475 3
-0.206534 5.72298 -0.42475 4
0.593983 -36.7719 -5.69709 1
0.593983 -34.8403 -0.42475 1
0.593983 -30.9771 -5.69709 1
0.593983 -27.114 -9.21198 2
0.593983 -23.2508 -8.33326 1
0.593983 -15.5245 6.60504 2
0.593983 -9.72971 4.84759 1
0.593983 -3.93495 5.72631 1
1.3945 -36.7719 -3.93964 1
1.3945 -30.9771 3.09014 2
1.3945 -29.0456 0.453973 1
1.3945 -27.114 -5.69709 1
1.3945 -23.2508 -10.0907 2
1.3945 -9.72971 6.60504 2
1.3945 -3.93495 -7.45454 1
1.3945 -3.93495 7.48376 2
2.19502 -36.7719 -6.57581 2
2.19502 -30.9771 -6.57581 2
2.19502 -30.9771 -3.06092 1
2.19502 -29.0456 -1.30347 1
2.19502 -19.3876 -8.33326 1
2.19502 -11.6613 -9.21198 1
2.19502 -2.00336 -9.21198 2
2.99553 -36.7719 -4.81837 2
2.99553 -34.8403 0.453973 2
2.99553 -29.0456 1.3327 2
2.99553 -27.114 -3.06092 1
2.99553 -25.1824 -0.42475 1
2.99553 -19.3876 -10.0907 2
2.99553 -11.6613 -10.9694 2
2.99553 -9.72971 3.09014 1
2.99553 -3.93495 3.09014 1
3.79605 -30.9771 -3.93964 2
3.79605 -27.114 -7.45454 2
3.79605 -19.3876 -5.69709 1
3.79605 -19.3876 -0.42475 1
4.59657 -29.0456 -3.93964 2
4.59657 -29.0456 -0.42475 2
4.59657 -25.1824 0.453973 2
4.59657 -19.3876 -3.06092 1
4.59657 -13.5929 -6.57581 1
4.59657 -9.72971 3.96887 2
4.59657 -7.79812 -6.57581 1
4.59657 -3.93495 3.96887 2
5.39708 -15.5245 0.453973 1
5.39708 -13.5929 -3.06092 1
5.39708 -9.72971 0.453973 1
5.39708 -3.93495 -3.06092 1
6.1976 -19.3876 -7.45454 2
6.1976 -19.3876 0.453973 2
6.1976 -7.79812 -7.45454 2
6.99812 -19.3876 -3.06092 2
6.99812 -15.5245 1.3327 2
6.99812 -13.5929 -7.45454 2
6.99812 -9.72971 1.3327 2
6.99812 -3.93495 -3.93964 2
7.79864 -13.5929 -3.06092 2