-12.0479 12.0176 0.759382 2
-12.0479 13.8203 0.759382 2
-12.0479 13.8203 2.49193 2
-10.5398 8.41206 2.49193 2
-10.5398 10.2148 2.49193 2
-10.5398 12.0176 0.759382 2
-10.5398 12.0176 2.49193 2
-10.5398 12.0176 4.22448 2
-10.5398 12.0176 5.95702 2
-10.5398 13.8203 2.49193 2
-10.5398 15.6231 2.49193 2
-10.5398 17.4258 0.759382 2
-9.03164 6.60931 4.22448 2
-9.03164 12.0176 0.759382 1
-9.03164 12.0176 2.49193 1
-9.03164 12.0176 4.22448 2
-9.03164 13.8203 0.759382 1
-9.03164 13.8203 2.49193 1
-9.03164 15.6231 -0.973166 2
-7.52351 8.41206 -6.1708 2
-7.52351 10.2148 2.49193 1
-7.52351 10.2148 4.22448 1
-7.52351 12.0176 0.759382 1
-7.52351 12.0176 2.49193 1
-7.52351 12.0176 4.22448 1
-7.52351 12.0176 5.95702 1
-7.52351 13.8203 0.759382 1
-7.52351 15.6231 -6.1708 2
-7.52351 15.6231 2.49193 1
-7.52351 17.4258 0.759382 1
-7.52351 24.6368 4.22448 2
-6.01539 6.60931 -6.1708 2
-6.01539 6.60931 4.22448 1
-6.01539 15.6231 -4.43826 1
-4.50726 8.41206 -4.43826 1
-4.50726 10.2148 -4.43826 1
-4.50726 22.8341 4.22448 1
-1.49101 -2.40445 18.0849 3
-1.49101 -2.40445 19.8174 4
-1.49101 -0.6017 -9.6359 4
-1.49101 -0.6017 -7.90335 3
1.52524 10.2148 -4.43826 1
1.52524 13.8203 -9.6359 2
1.52524 13.8203 -6.1708 1
3.03336 8.41206 -7.90335 2
6.04961 8.41206 0.759382 2
6.04961 10.2148 0.759382 1
6.04961 10.2148 2.49193 2
6.04961 10.2148 4.22448 1
6.04961 10.2148 5.95702 1
6.04961 12.0176 -0.973166 1
6.04961 12.0176 2.49193 1
6.04961 12.0176 4.22448 1
6.04961 13.8203 -0.973166 1
6.04961 13.8203 0.759382 1
6.04961 13.8203 2.49193 1
6.04961 13.8203 4.22448 1
6.04961 15.6231 -0.973166 2
6.04961 15.6231 2.49193 1
6.04961 17.4258 5.95702 1
7.55774 10.2148 0.759382 2
7.55774 10.2148 2.49193 2
7.55774 10.2148 4.22448 2
7.55774 12.0176 -0.973166 2
7.55774 12.0176 0.759382 1
7.55774 12.0176 2.49193 2
7.55774 12.0176 4.22448 2
7.55774 13.8203 0.759382 1
7.55774 13.8203 2.49193 1
7.55774 15.6231 -0.973166 2
7.55774 15.6231 2.49193 1
7.55774 15.6231 4.22448 2
7.55774 15.6231 5.95702 2
9.06586 8.41206 0.759382 2
9.06586 10.2148 4.22448 2
9.06586 10.2148 5.95702 2
9.06586 12.0176 -2.70571 2
9.06586 12.0176 2.49193 2
9.06586 12.0176 5.95702 2
9.06586 13.8203 -2.70571 2
9.06586 13.8203 2.49193 2
9.06586 13.8203 4.22448 2
9.06586 15.6231 -0.973166 2
9.06586 15.6231 2.49193 2
9.06586 17.4258 2.49193 2
9.06586 17.4258 5.95702 2
10.574 10.2148 2.49193 2